1035338.9954220791	1926653.181417595	0	0
1035339.0449208479	1926653.4880506361	0	0
1035339.0930576585	1926653.7862809568	0	0
1035339.1467382361	1926654.1188065384	0	0
1035339.1969186772	1926654.4295970867	0	0
1035339.2517480039	1926654.7695377942	0	0
1035339.3058579445	1926655.1048130228	0	0
1035339.3569272659	1926655.4211262444	0	0
1035339.4083696543	1926655.7398906676	0	0
1035339.4622705714	1926656.0739151477	0	0
1035339.5162434052	1926656.4082154343	0	0
1035339.5670616894	1926656.7230407128	0	0
1035339.6310507155	1926657.1194064778	0	0
1035339.6871333978	1926657.4669012937	0	0
1035339.7407860042	1926657.7992662138	0	0
1035339.7943641491	1926658.1315155055	0	0
1035339.8531430142	1926658.49563985	0	0
1035339.9091007529	1926658.8423544648	0	0
1035339.9696426066	1926659.2174934007	0	0
1035340.0294906225	1926659.588280086	0	0
1035340.0887842671	1926659.9555407318	0	0
1035340.1403094634	1926660.2748558063	0	0
1035340.19241978	1926660.5976821436	0	0
1035340.2488225625	1926660.947119963	0	0
1035340.306835547	1926661.3066238759	0	0
1035340.3728259424	1926661.7153279353	0	0
1035340.4207100174	1926662.012177108	0	0
1035340.4792527958	1926662.374832821	0	0
1035340.5354888637	1926662.7232379992	0	0
1035340.5912508307	1926663.0688279618	0	0
1035340.641277808	1926663.3787119687	0	0
1035340.6898039061	1926663.6793327173	0	0
1035340.7388998708	1926663.983464495	0	0
1035340.7929415812	1926664.3182312832	0	0
1035340.8458709195	1926664.6461748239	0	0
1035340.8975093085	1926664.966048651	0	0
1035340.954383403	1926665.3184771203	0	0
1035341.0081056149	1926665.6512627765	0	0
1035341.0591754692	1926665.9675416728	0	0
1035341.1130222589	1926666.3011304075	0	0
1035341.1636895633	1926666.6148927854	0	0
1035341.2129522354	1926666.9200572036	0	0
1035341.263490719	1926667.2332834587	0	0
1035341.3133235003	1926667.5419436512	0	0
1035341.3616132692	1926667.841111028	0	0
1035341.411722688	1926668.1515685702	0	0
1035341.4628431449	1926668.4685044165	0	0
1035341.5109407783	1926668.7663183052	0	0
1035341.5604124108	1926669.0727372963	0	0
1035341.610146641	1926669.3808771137	0	0
1035341.6627219301	1926669.6811501742	0	0
1035341.7090584281	1926669.978402026	0	0
1035341.7611502858	1926670.29182081	0	0
1035341.8105815438	1926670.5902128373	0	0
1035341.8626531714	1926670.9049054354	0	0
1035341.9185964369	1926671.242922106	0	0
1035341.9728108477	1926671.570657169	0	0
1035342.0232812266	1926671.8756805498	0	0
1035342.075563635	1926672.1915132985	0	0
1035342.125422016	1926672.4927960976	0	0
1035342.1779940166	1926672.810571363	0	0
1035342.2331552992	1926673.1440207583	0	0
1035342.2928445309	1926673.5046270683	0	0
1035342.351085179	1926673.8565202844	0	0
1035342.434746858	1926674.3621946522	0	0
1035342.4880591875	1926674.684277126	0	0
1035342.5399904936	1926674.9981969104	0	0
1035342.6017246824	1926675.3712795454	0	0
1035342.6573051016	1926675.7071618019	0	0
1035342.7166405643	1926676.066022954	0	0
1035342.7675587727	1926676.3735940966	0	0
1035342.8251731353	1926676.721685465	0	0
1035342.8759627651	1926677.0287052356	0	0
1035342.9394629705	1926677.4126117744	0	0
1035342.996758317	1926677.7586914937	0	0
1035343.0533425093	1926678.1005483998	0	0
1035343.1077807698	1926678.4295611521	0	0
1035343.1679824725	1926678.7934486964	0	0
1035343.2245110954	1926679.1349613855	0	0
1035343.2778771729	1926679.4575024915	0	0
1035343.3289478021	1926679.7660450127	0	0
1035343.3810085275	1926680.080462777	0	0
1035343.4282802057	1926680.3908905091	0	0
1035343.4941293608	1926680.7143241537	0	0
1035343.5514221535	1926681.0461517833	0	0
1035343.6035497965	1926681.3496297926	0	0
1035343.6588835387	1926681.6606891118	0	0
1035343.7116980258	1926681.9651164662	0	0
1035343.7755611077	1926682.330977181	0	0
1035343.8286516509	1926682.6343560393	0	0
1035343.883439932	1926682.948054165	0	0
1035343.9439070446	1926683.2942681848	0	0
1035344.0015786908	1926683.6243394015	0	0
1035344.0622433876	1926683.971563662	0	0
1035344.1151307734	1926684.27428315	0	0
1035344.1798387897	1926684.6445900702	0	0
1035344.2366139224	1926684.969619155	0	0
1035344.2938939093	1926685.297448682	0	0
1035344.3517331125	1926685.6284991442	0	0
1035344.4056116812	1926685.9370252257	0	0
1035344.4805437985	1926686.3659142074	0	0
1035344.5365223004	1926686.6863376307	0	0
1035344.602630714	1926687.0645481497	0	0
1035344.684849206	1926687.5352256119	0	0
1035344.744198127	1926687.8749825133	0	0
1035344.8238146185	1926688.3307867518	0	0
1035344.8810502901	1926688.6585240203	0	0
1035344.9470992547	1926689.0366344112	0	0
1035345.0110353339	1926689.4027022824	0	0
1035345.0732092615	1926689.7586635016	0	0
1035345.1294812289	1926690.0807853525	0	0
1035345.1922721214	1926690.4401744183	0	0
1035345.2510615817	1926690.7767256433	0	0
1035345.3069961307	1926691.0970339312	0	0
1035345.3589883301	1926691.3946273862	0	0
1035345.4154280957	1926691.7177132329	0	0
1035345.470232471	1926692.0313582076	0	0
1035345.5249914419	1926692.3449795735	0	0
1035345.5775305084	1926692.6456106585	0	0
1035345.6304330191	1926692.9483380192	0	0
1035345.6861877787	1926693.2674761266	0	0
1035345.7458581298	1926693.6090921196	0	0
1035345.8036002263	1926693.9395306797	0	0
1035345.8663488625	1926694.2986978171	0	0
1035345.9439249798	1926694.7426972117	0	0
1035346.0002376195	1926695.0651401582	0	0
1035346.0577811628	1926695.3946294936	0	0
1035346.119339815	1926695.7470560744	0	0
1035346.1807359961	1926696.09818305	0	0
1035346.2402660262	1926696.4390262282	0	0
1035346.2928328104	1926696.7398332343	0	0
1035346.346530373	1926697.0472654183	0	0
1035346.4078157631	1926697.3842301276	0	0
1035346.443741016	1926697.6904111106	0	0
1035346.5031385638	1926698.0194187122	0	0
1035346.5568065058	1926698.3364026523	0	0
1035346.6081647993	1926698.658538033	0	0
1035346.6582854919	1926698.963479572	0	0
1035346.7148313688	1926699.2645099964	0	0
1035346.7596343383	1926699.57376935	0	0
1035346.8170926636	1926699.9153502164	0	0
1035346.8690941861	1926700.2267686238	0	0
1035346.921288554	1926700.541417405	0	0
1035346.9754655972	1926700.859973501	0	0
1035347.0254100639	1926701.1577556957	0	0
1035347.0774740763	1926701.4671608857	0	0
1035347.1333094848	1926701.7985152344	0	0
1035347.1910048731	1926702.1395810558	0	0
1035347.240299287	1926702.43794041	0	0
1035347.3026433119	1926702.8235452482	0	0
1035347.3653609323	1926703.199077349	0	0
1035347.4201225202	1926703.5173375432	0	0
1035347.4749639267	1926703.8315324394	0	0
1035347.5429228583	1926704.219088067	0	0
1035347.6009157897	1926704.5519873367	0	0
1035347.6570922785	1926704.8810811224	0	0
1035347.7104344103	1926705.1974418925	0	0
1035347.7601293505	1926705.493640807	0	0
1035347.8205566205	1926705.8529313095	0	0
1035347.8801713865	1926706.2095766978	0	0
1035347.9496951968	1926706.6417597053	0	0
1035348.0019026538	1926706.969035651	0	0
1035348.0529737608	1926707.2900372907	0	0
1035348.1003704077	1926707.5945159486	0	0
1035348.1566328018	1926707.9604772232	0	0
1035348.2135441338	1926708.31344037	0	0
1035348.281351518	1926708.7105382038	0	0
1035348.3404991373	1926709.0572043129	0	0
1035348.3948116007	1926709.3970185714	0	0
1035348.4451564465	1926709.7253178211	0	0
1035348.492578436	1926710.0397305917	0	0
1035348.5500844149	1926710.4157826658	0	0
1035348.6046131408	1926710.7823344043	0	0
1035348.6491170975	1926711.0854395747	0	0
1035348.6975723066	1926711.403012142	0	0
1035348.7468793363	1926711.7121065173	0	0
1035348.8111487129	1926712.1071492112	0	0
1035348.8632897076	1926712.4328447776	0	0
1035348.9196740765	1926712.791125007	0	0
1035348.9679539455	1926713.096678206	0	0
1035349.0189508898	1926713.4098583523	0	0
1035349.0841269043	1926713.8448562978	0	0
1035349.1362058182	1926714.1667742375	0	0
1035349.1859158719	1926714.4793159526	0	0
1035349.2371727481	1926714.824170618	0	0
1035349.2827562647	1926715.1486557547	0	0
1035349.336392877	1926715.4599246534	0	0
1035349.3839791755	1926715.7572650395	0	0
1035349.4382213389	1926716.0909363718	0	0
1035349.4837364191	1926716.3889839307	0	0
1035349.5385324158	1926716.7175674958	0	0
1035349.5956679417	1926717.0737081137	0	0
1035349.6486457156	1926717.4091675798	0	0
1035349.6962790635	1926717.7121927473	0	0
1035349.7527122227	1926718.0702830132	0	0
1035349.8049909109	1926718.3911512461	0	0
1035349.8586291423	1926718.726338902	0	0
1035349.9334808696	1926719.134344461	0	0
1035349.9856345957	1926719.4717287547	0	0
1035350.0325910969	1926719.7799007727	0	0
1035350.085457586	1926720.1021898105	0	0
1035350.1335331408	1926720.3994693	0	0
1035350.1938467841	1926720.704420137	0	0
1035350.2477661542	1926721.0238266562	0	0
1035350.3033808714	1926721.3642719702	0	0
1035350.3594412046	1926721.6968353672	0	0
1035350.4102282968	1926721.9982473745	0	0
1035350.4795613529	1926722.3761428983	0	0
1035350.5394624134	1926722.7061122057	0	0
1035350.5872236532	1926723.0039665475	0	0
1035350.6428230352	1926723.3242390056	0	0
1035350.7025516826	1926723.6247096153	0	0
1035350.7593239422	1926723.9258962318	0	0
1035350.8099004882	1926724.2415264356	0	0
1035350.861781771	1926724.5518671677	0	0
1035350.9121282676	1926724.8685313356	0	0
1035350.9779393754	1926725.1751411702	0	0
1035351.040552513	1926725.4726973155	0	0
1035351.092345309	1926725.795335525	0	0
1035351.1510387509	1926726.1283222241	0	0
1035351.2197529139	1926726.5009892911	0	0
1035351.2756390485	1926726.814735381	0	0
1035351.3270727666	1926727.1340413936	0	0
1035351.3750638779	1926727.4520109645	0	0
1035351.4327710596	1926727.8134708537	0	0
1035351.4945708759	1926728.163200404	0	0
1035351.5644514526	1926728.5075802554	0	0
1035351.6279589498	1926728.8506686762	0	0
1035351.6874566906	1926729.197386138	0	0
1035351.7502602314	1926729.574231896	0	0
1035351.803326434	1926729.902200521	0	0
1035351.8561190277	1926730.2579669892	0	0
1035351.9117076156	1926730.6240777941	0	0
1035351.9632993689	1926730.9238240796	0	0
1035352.02029863	1926731.2405023503	0	0
1035352.0837222115	1926731.5994437016	0	0
1035352.1380666016	1926731.911303697	0	0
1035352.1947461077	1926732.2423510244	0	0
1035352.2485670031	1926732.5804484528	0	0
1035352.2990780411	1926732.9107721876	0	0
1035352.3567642233	1926733.2629846986	0	0
1035352.4136599381	1926733.5977129082	0	0
1035352.4649962407	1926733.895288336	0	0
1035352.5398108289	1926734.3267695303	0	0
1035352.6006241087	1926734.679046958	0	0
1035352.6550016773	1926734.989778305	0	0
1035352.7335875322	1926735.4441776127	0	0
1035352.7855522593	1926735.7944223816	0	0
1035352.8351853705	1926736.1118076637	0	0
1035352.8974746848	1926736.475873349	0	0
1035352.9525951059	1926736.7936357027	0	0
1035353.0034233694	1926737.0924543103	0	0
1035353.0545387787	1926737.3962519658	0	0
1035353.1102056382	1926737.724765448	0	0
1035353.1763340821	1926738.1036324508	0	0
1035353.230363277	1926738.4343782775	0	0
1035353.2766502138	1926738.7433941825	0	0
1035353.3232906499	1926739.0570544864	0	0
1035353.3741682759	1926739.3892761779	0	0
1035353.422949346	1926739.696897329	0	0
1035353.4746770826	1926740.0082579954	0	0
1035353.5306134158	1926740.3409415064	0	0
1035353.5824016816	1926740.653294979	0	0
1035353.6338511629	1926740.9677640942	0	0
1035353.6888404072	1926741.3062768267	0	0
1035353.735945564	1926741.614695357	0	0
1035353.7807783821	1926741.9259160026	0	0
1035353.8295912186	1926742.257479285	0	0
1035353.8759908325	1926742.5565174862	0	0
1035353.9256640063	1926742.8598497228	0	0
1035353.9783059881	1926743.1837831992	0	0
1035354.0348646097	1926743.5493448246	0	0
1035354.079577962	1926743.8709703214	0	0
1035354.1511197116	1926744.2673645164	0	0
1035354.2027094653	1926744.6027866874	0	0
1035354.2540782711	1926744.951160378	0	0
1035354.301412076	1926745.2519071838	0	0
1035354.3530470564	1926745.5643039993	0	0
1035354.4257005651	1926745.982933187	0	0
1035354.4831801347	1926746.2818574284	0	0
1035354.5395092496	1926746.5821214665	0	0
1035354.592500161	1926746.9061825597	0	0
1035354.6533266524	1926747.2989427545	0	0
1035354.7024799008	1926747.6061883387	0	0
1035354.758708255	1926747.96852504	0	0
1035354.8159660299	1926748.324652354	0	0
1035354.8767119967	1926748.6744414773	0	0
1035354.9465063724	1926749.0156002792	0	0
1035355.0156943119	1926749.3392166793	0	0
1035355.0644085038	1926749.651048299	0	0
1035355.1134441162	1926749.9522493887	0	0
1035355.1667477185	1926750.2662291438	0	0
1035355.2275902553	1926750.6214673247	0	0
1035355.2784210676	1926750.9326153751	0	0
1035355.3316262746	1926751.2566340924	0	0
1035355.3930034799	1926751.610873659	0	0
1035355.4525010295	1926751.919168557	0	0
1035355.5027156731	1926752.2181910523	0	0
1035355.5560863365	1926752.5337130455	0	0
1035355.609320686	1926752.8472491854	0	0
1035355.6628043196	1926753.1470102614	0	0
1035355.7271489498	1926753.4835047713	0	0
1035355.7837990574	1926753.7943027294	0	0
1035355.8429385073	1926754.1270676355	0	0
1035355.896627085	1926754.4456312521	0	0
1035355.9534374822	1926754.7578661146	0	0
1035356.0068915883	1926755.0556430356	0	0
1035356.0698668689	1926755.421672789	0	0
1035356.13197996	1926755.7756951547	0	0
1035356.191008548	1926756.1029497464	0	0
1035356.2498963163	1926756.4169724071	0	0
1035356.312542992	1926756.7546912048	0	0
1035356.3690245803	1926757.0636096084	0	0
1035356.4265305593	1926757.3887342555	0	0
1035356.4865110426	1926757.7146611582	0	0
1035356.5432403145	1926758.0271999184	0	0
1035356.6052156988	1926758.3716373444	0	0
1035356.6595802512	1926758.6726178857	0	0
1035356.7139261552	1926758.9738117582	0	0
1035356.7698021228	1926759.2833919511	0	0
1035356.8262638168	1926759.596445276	0	0
1035356.8836940578	1926759.914808911	0	0
1035356.9403138679	1926760.2284751106	0	0
1035356.9955326752	1926760.5342758582	0	0
1035357.0519967903	1926760.8471766268	0	0
1035357.108318043	1926761.159464765	0	0
1035357.1671238638	1926761.4853730155	0	0
1035357.2179352348	1926761.8035094608	0	0
1035357.2694526552	1926762.1281117445	0	0
1035357.312097434	1926762.4358643417	0	0
1035357.357155248	1926762.7396420997	0	0
1035357.3892479453	1926763.0478985154	0	0
1035357.4168379082	1926763.355274689	0	0
1035357.4362446713	1926763.6696469306	0	0
1035357.4470894361	1926763.9706687657	0	0
1035357.4461066279	1926764.284289937	0	0
1035357.4384941524	1926764.5858731568	0	0
1035357.4183170587	1926764.8936199048	0	0
1035357.3838801625	1926765.196089407	0	0
1035357.3475753436	1926765.4979951712	0	0
1035357.2989323349	1926765.803336672	0	0
1035357.2349807468	1926766.1079467605	0	0
1035357.1585177677	1926766.4240161488	0	0
1035357.0896482469	1926766.71737843	0	0
1035357.0040116763	1926767.0115273064	0	0
1035356.9137067383	1926767.3056173015	0	0
1035356.8089848423	1926767.5947174812	0	0
1035356.6812713546	1926767.8710773431	0	0
1035356.5595187946	1926768.150660005	0	0
1035356.3966702386	1926768.415063283	0	0
1035356.2523529291	1926768.6896182797	0	0
1035356.085771562	1926768.9661543455	0	0
1035355.9129422014	1926769.2248752986	0	0
1035355.7161770565	1926769.507249299	0	0
1035355.5152755833	1926769.755102424	0	0
1035355.3237118977	1926769.9933990217	0	0
1035355.1039028745	1926770.2317353378	0	0
1035354.9049193937	1926770.4577830634	0	0
1035354.6911805043	1926770.6703667617	0	0
1035354.469986396	1926770.8796581586	0	0
1035354.23956702	1926771.0789303663	0	0
1035354.0104669005	1926771.273920442	0	0
1035353.7724505744	1926771.478824707	0	0
1035353.5071175754	1926771.6512356468	0	0
1035353.220605815	1926771.8562547723	0	0
1035352.9495148349	1926772.0222722345	0	0
1035352.6890354892	1926772.1898010308	0	0
1035352.4124628386	1926772.3473999344	0	0
1035352.1369282983	1926772.5020855682	0	0
1035351.8644506107	1926772.6305129554	0	0
1035351.5778743161	1926772.7627295963	0	0
1035351.300827381	1926772.8810133727	0	0
1035351.003910592	1926772.990802678	0	0
1035350.7184696737	1926773.1005300907	0	0
1035350.4229090485	1926773.1941051872	0	0
1035350.13314048	1926773.2727114814	0	0
1035349.8314089552	1926773.3666768728	0	0
1035349.5381413089	1926773.4503851885	0	0
1035349.2453650163	1926773.5300576298	0	0
1035348.935260662	1926773.5757016211	0	0
1035348.6282089052	1926773.6116892644	0	0
1035348.3077405654	1926773.6354243583	0	0
1035348.0067666159	1926773.6547844848	0	0
1035347.6938069718	1926773.657306521	0	0
1035347.3893464842	1926773.658880134	0	0
1035347.0866814131	1926773.6444448805	0	0
1035346.7825719216	1926773.6018182817	0	0
1035346.4728778999	1926773.5735839375	0	0
1035346.1715132655	1926773.5176186499	0	0
1035345.8751290028	1926773.4478313595	0	0
1035345.5816634044	1926773.3710559474	0	0
1035345.2301510954	1926773.2943352668	0	0
1035344.9192180684	1926773.1999938195	0	0
1035344.6294879513	1926773.0811319419	0	0
1035344.3517681585	1926772.958340821	0	0
1035344.0797737788	1926772.7978742127	0	0
1035343.820446743	1926772.6247758265	0	0
1035343.573063048	1926772.4365926927	0	0
1035343.3477875999	1926772.2302970865	0	0
1035343.1361573546	1926772.0036030617	0	0
1035342.9250816286	1926771.7765821412	0	0
1035342.7461889334	1926771.5340959874	0	0
1035342.583869198	1926771.2771021698	0	0
1035342.3949145513	1926771.0321215726	0	0
1035342.2323715979	1926770.769966612	0	0
1035342.0685475281	1926770.4972014516	0	0
1035341.9200281485	1926770.2273344481	0	0
1035341.7949269289	1926769.951995092	0	0
1035341.6339204358	1926769.6565080117	0	0
1035341.5029640257	1926769.3587972983	0	0
1035341.3749844218	1926769.0802230681	0	0
1035341.236985192	1926768.7763121	0	0
1035341.1386203995	1926768.4816062255	0	0
1035341.0525955338	1926768.1785511964	0	0
1035340.9476609685	1926767.8910959016	0	0
1035340.8608699361	1926767.5892036608	0	0
1035340.7747067282	1926767.2948594182	0	0
1035340.6911006309	1926766.9970766902	0	0
1035340.6109059791	1926766.6910624232	0	0
1035340.5320857518	1926766.385939754	0	0
1035340.4608562917	1926766.0909476453	0	0
1035340.3930813137	1926765.7955831443	0	0
1035340.3230124004	1926765.4793992394	0	0
1035340.2524120283	1926765.1563250066	0	0
1035340.184535509	1926764.8414119056	0	0
1035340.1145177344	1926764.5489110241	0	0
1035340.0826300534	1926764.2219806714	0	0
1035340.0337046778	1926763.9157610768	0	0
1035340.0011843498	1926763.6075284067	0	0
1035339.9991029731	1926763.2994892173	0	0
1035339.972956873	1926763.0001623111	0	0
1035339.968379131	1926762.6994231325	0	0
1035339.9853836182	1926762.3896728475	0	0
1035339.9960433409	1926762.0806915667	0	0
1035340.0472603753	1926761.745864488	0	0
1035340.1313810359	1926761.4289859233	0	0
1035340.2225651839	1926761.137183512	0	0
1035340.3349931176	1926760.8557590188	0	0
1035340.4761026583	1926760.5545105946	0	0
1035340.6445758025	1926760.2616620234	0	0
1035340.846670825	1926759.9818904386	0	0
1035341.0397844792	1926759.7439999422	0	0
1035341.2582086432	1926759.5054280087	0	0
1035341.5094795137	1926759.286466929	0	0
1035341.7671347624	1926759.07865488	0	0
1035342.0487524535	1926758.9031607998	0	0
1035342.3126473774	1926758.753081683	0	0
1035342.5965740222	1926758.6272470583	0	0
1035342.8815563235	1926758.5146894061	0	0
1035343.1791458305	1926758.428837135	0	0
1035343.4720197907	1926758.3382101546	0	0
1035343.7669784416	1926758.2719698972	0	0
1035344.0934337409	1926758.206580811	0	0
1035344.4534101761	1926758.1260224017	0	0
1035344.778361764	1926758.057313455	0	0
1035345.1020258592	1926757.9880042146	0	0
1035345.4003514812	1926757.9336280168	0	0
1035345.7146288842	1926757.8145011363	0	0
1035346.0165036034	1926757.6798113114	0	0
1035346.3018956786	1926757.5308823297	0	0
1035346.5691372787	1926757.3574335496	0	0
1035346.8473502595	1926757.2252977046	0	0
1035347.1020969466	1926757.0622708644	0	0
1035347.344490609	1926756.8815150664	0	0
1035347.5911042325	1926756.69446322	0	0
1035347.864443519	1926756.4723887783	0	0
1035348.0885469819	1926756.238439004	0	0
1035348.2896059435	1926756.006610495	0	0
1035348.470492421	1926755.759400829	0	0
1035348.6470282112	1926755.5142278352	0	0
1035348.8034065636	1926755.249843874	0	0
1035348.9406674146	1926754.9766722112	0	0
1035349.0618104348	1926754.7018407288	0	0
1035349.1770165508	1926754.417469548	0	0
1035349.262160615	1926754.118780884	0	0
1035349.3145467187	1926753.8150705278	0	0
1035349.3927038193	1926753.5201162084	0	0
1035349.4206765449	1926753.2201686262	0	0
1035349.4182757321	1926752.9159086293	0	0
1035349.4653590734	1926752.607887272	0	0
1035349.4933272658	1926752.2995776003	0	0
1035349.456965762	1926751.9882015665	0	0
1035349.4756816562	1926751.659084057	0	0
1035349.4666438524	1926751.3499730544	0	0
1035349.458445967	1926751.022564402	0	0
1035349.412566757	1926750.6917191169	0	0
1035349.4068240684	1926750.3865057582	0	0
1035349.3801098124	1926750.0653034449	0	0
1035349.3600664793	1926749.7448937334	0	0
1035349.3397365739	1926749.4088998712	0	0
1035349.311789463	1926749.0971081418	0	0
1035349.2886508488	1926748.7948076746	0	0
1035349.2618795462	1926748.4906489332	0	0
1035349.2322118734	1926748.1911135034	0	0
1035349.20471796	1926747.8921008843	0	0
1035349.1681609419	1926747.5920745619	0	0
1035349.1369364411	1926747.2704649162	0	0
1035349.0906558665	1926746.9543230906	0	0
1035349.0486195048	1926746.6572615823	0	0
1035349.006532828	1926746.3537599072	0	0
1035348.9607784599	1926746.0352307488	0	0
1035348.9154033428	1926745.711076986	0	0
1035348.8652721621	1926745.3914254343	0	0
1035348.8201461198	1926745.0784911118	0	0
1035348.7736068293	1926744.7747966498	0	0
1035348.7243694515	1926744.4507493998	0	0
1035348.6786096181	1926744.1488984167	0	0
1035348.6254965588	1926743.8373326461	0	0
1035348.5774244461	1926743.5071697196	0	0
1035348.5285888687	1926743.2029810157	0	0
1035348.4788575424	1926742.9042713859	0	0
1035348.4273758162	1926742.5947152164	0	0
1035348.3778150181	1926742.289111152	0	0
1035348.3202619769	1926741.9429281335	0	0
1035347.5784827148	1926741.4433582153	0	0
1035347.5185334936	1926741.1423652933	0	0
1035347.4467313736	1926740.7825431754	0	0
1035347.396525934	1926740.4819796637	0	0
1035347.335513787	1926740.168167421	0	0
1035347.2944097253	1926739.866207269	0	0
1035347.2380565898	1926739.5712988242	0	0
1035347.1825360265	1926739.2383777758	0	0
1035347.1304963996	1926738.927439421	0	0
1035347.0657094808	1926738.5457707883	0	0
1035347.004433482	1926738.2207083548	0	0
1035346.9697588012	1926737.8751785976	0	0
1035346.9150610928	1926737.5673108986	0	0
1035346.8592984031	1926737.2313799516	0	0
1035346.8048658118	1926736.8683851159	0	0
1035346.753215297	1926736.5300627523	0	0
1035346.6984307693	1926736.1786592915	0	0
1035346.6489594253	1926735.8597354076	0	0
1035346.6018585946	1926735.5548875928	0	0
1035346.547272001	1926735.1910205444	0	0
1035346.4946975932	1926734.8647535003	0	0
1035346.427877354	1926734.5717235554	0	0
1035346.3764772138	1926734.1743979936	0	0
1035346.2870021118	1926733.8512681597	0	0
1035346.2145617042	1926733.5181852225	0	0
1035346.1455428127	1926733.1003309477	0	0
1035346.081389752	1926732.7873233422	0	0
1035345.974746051	1926732.472969534	0	0
1035345.9224880063	1926732.161371567	0	0
1035345.8186127616	1926731.8197020537	0	0
1035345.7396754981	1926731.4902391685	0	0
1035345.6649172651	1926731.1849216141	0	0
1035345.5808399449	1926730.8533934075	0	0
1035345.5037156452	1926730.552936463	0	0
1035345.4239060362	1926730.2390088094	0	0
1035345.3298535248	1926729.866854899	0	0
1035345.244757222	1926729.5379961268	0	0
1035345.143953485	1926729.1239859397	0	0
1035345.0724947823	1926728.8155621346	0	0
1035344.9775858143	1926728.4406479746	0	0
1035344.8683470907	1926728.027388864	0	0
1035344.803031455	1926727.6866979352	0	0
1035344.7241922293	1926727.360669927	0	0
1035344.663402294	1926727.0549638344	0	0
1035344.5899675193	1926726.6749584489	0	0
1035344.5221419727	1926726.3107133028	0	0
1035344.4554559836	1926725.9746394043	0	0
1035344.4266595962	1926725.5491381935	0	0
1035344.3495681719	1926725.1659008302	0	0
1035344.3050483838	1926724.8609109044	0	0
1035344.2688748315	1926724.5405807372	0	0
1035344.1986922659	1926724.1998430416	0	0
1035344.1335366822	1926723.8894288368	0	0
1035344.0809130728	1926723.5374340739	0	0
1035344.0236780057	1926723.2144652943	0	0
1035343.977379394	1926722.9100269657	0	0
1035343.8714416244	1926722.585811699	0	0
1035343.8204910407	1926722.2601045186	0	0
1035343.7402678027	1926721.9203365433	0	0
1035343.6650594202	1926721.5837916022	0	0
1035343.6068221967	1926721.2787669369	0	0
1035343.4891286853	1926720.978001412	0	0
1035343.4055452691	1926720.68455266	0	0
1035343.28403048	1926720.406294747	0	0
1035343.1328941192	1926720.1119257712	0	0
1035342.9659491351	1926719.8473510195	0	0
1035342.7797498144	1926719.6066257423	0	0
1035342.580526076	1926719.3673873844	0	0
1035342.3528633574	1926719.1192438095	0	0
1035342.106719438	1926718.9298596794	0	0
1035342.7852265324	1926719.2415915497	0	0
1035342.5044244203	1926719.0890114263	0	0
1035342.2300138299	1926718.9327180248	0	0
1035341.9448315906	1926718.799401701	0	0
1035341.6761431767	1926718.6604038714	0	0
1035341.4046078424	1926718.520033288	0	0
1035341.1219574946	1926718.4175348952	0	0
1035340.8228899139	1926718.2966784206	0	0
1035340.5152760975	1926718.2345026461	0	0
1035340.2156786817	1926718.1306746071	0	0
1035339.9118881293	1926718.0842993755	0	0
1035339.6141779097	1926718.0230591036	0	0
1035339.3094265946	1926717.9670400836	0	0
1035338.9932214088	1926717.9154626902	0	0
1035338.6924518094	1926717.8796795188	0	0
1035338.3815778941	1926717.8402262672	0	0
1035338.0718338075	1926717.819948835	0	0
1035337.7705989911	1926717.7903992678	0	0
1035337.426275201	1926717.8029444488	0	0
1035337.1209451362	1926717.793937342	0	0
1035336.7994972445	1926717.7976826942	0	0
1035336.4817572339	1926717.8023948548	0	0
1035336.1598992364	1926717.8098645615	0	0
1035335.8536432789	1926717.8207254324	0	0
1035335.5458531337	1926717.8542065304	0	0
1035335.2256048676	1926717.8698501887	0	0
1035334.9190175248	1926717.8967736943	0	0
1035334.608632409	1926717.9293514374	0	0
1035334.3045535604	1926717.960701787	0	0
1035333.9926469212	1926717.9920422637	0	0
1035333.6878129431	1926718.0373122315	0	0
1035333.3862164663	1926718.0843426392	0	0
1035333.0857854594	1926718.1300487535	0	0
1035332.7871638834	1926718.1780801017	0	0
1035332.4907589299	1926718.2258567314	0	0
1035332.1933786075	1926718.2735568332	0	0
1035331.8798732698	1926718.3248537858	0	0
1035331.5583741388	1926718.376985121	0	0
1035331.2205364265	1926718.4317485872	0	0
1035330.8488270306	1926718.4920472794	0	0
1035330.5372870917	1926718.5425743428	0	0
1035330.1851753528	1926718.5996822894	0	0
1035329.7944653191	1926718.6630515046	0	0
1035329.4956536577	1926718.7115223496	0	0
1035329.1909368498	1926718.7609446708	0	0
1035328.8893561009	1926718.8098674626	0	0
1035328.434529721	1926718.883639915	0	0
1035328.0992157995	1926718.9380238364	0	0
1035327.7932447869	1926718.9876322332	0	0
1035327.4377826884	1926719.0452820808	0	0
1035327.0744878253	1926719.1041961175	0	0
1035326.7322898768	1926719.1596761837	0	0
1035326.3886342176	1926719.2127831895	0	0
1035326.0794821574	1926719.2714889348	0	0
1035325.753590707	1926719.3244355402	0	0
1035325.3550729731	1926719.3894126741	0	0
1035324.9901186519	1926719.450970705	0	0
1035324.5628835852	1926719.5226483194	0	0
1035324.2121678225	1926719.5812127944	0	0
1035323.9022714581	1926719.6329790591	0	0
1035323.5803325832	1926719.6868582095	0	0
1035323.1608731375	1926719.7570265753	0	0
1035322.7750115094	1926719.821609591	0	0
1035322.4075867984	1926719.8830673555	0	0
1035322.0658811288	1926719.9402184887	0	0
1035321.7401180079	1926719.994693045	0	0
1035321.4261654214	1926720.0472494068	0	0
1035321.0502338058	1926720.110143764	0	0
1035320.6896633448	1926720.170459128	0	0
1035320.2064051317	1926720.2512112556	0	0
1035319.8760511249	1926720.3065131991	0	0
1035319.5610272787	1926720.359266171	0	0
1035319.0140586785	1926720.4508018335	0	0
1035318.6417372518	1926720.5131278976	0	0
1035318.3192174659	1926720.5670741193	0	0
1035317.8213000924	1926720.6504011254	0	0
1035317.4957202821	1926720.7048633315	0	0
1035317.0459361499	1926720.780134958	0	0
1035316.6484470582	1926720.8466390767	0	0
1035316.2296450568	1926720.9167263291	0	0
1035315.8359809372	1926720.9825892714	0	0
1035315.3420878279	1926721.0652172295	0	0
1035314.9822205697	1926721.1254522046	0	0
1035314.5326659963	1926721.2006816973	0	0
1035314.2050819296	1926721.2554782971	0	0
1035313.7932569453	1926721.324379318	0	0
1035313.4061562544	1926721.3891562838	0	0
1035313.0379356142	1926721.450769249	0	0
1035312.5319706962	1926721.535433334	0	0
1035312.1972866064	1926721.5914752376	0	0
1035311.7622974901	1926721.6642656918	0	0
1035311.364900422	1926721.7307407544	0	0
1035310.9956697837	1926721.7925360508	0	0
1035310.6388170333	1926721.8522390507	0	0
1035310.2392464447	1926721.9191373647	0	0
1035309.7949397119	1926721.993488872	0	0
1035309.4504646073	1926722.051114827	0	0
1035309.0976048795	1926722.1101640607	0	0
1035308.6998562174	1926722.1766793146	0	0
1035308.2477293112	1926722.252463055	0	0
1035307.9405094256	1926722.303844566	0	0
1035307.5210509716	1926722.3739519005	0	0
1035307.1597150946	1926722.4344229607	0	0
1035306.7839675299	1926722.497259196	0	0
1035306.3728459942	1926722.5660645717	0	0
1035306.0349195476	1926722.6225737967	0	0
1035305.7035410276	1926722.6780120488	0	0
1035305.3825819013	1926722.7316931216	0	0
1035305.0730516836	1926722.7834651945	0	0
1035304.6896236654	1926722.8475833004	0	0
1035304.2459901144	1926722.92182342	0	0
1035303.9238371981	1926722.9757296806	0	0
1035303.6202284729	1926723.0264818724	0	0
1035303.2978157349	1926723.0804145287	0	0
1035302.9716697966	1926723.134974556	0	0
1035302.6156587623	1926723.194523068	0	0
1035302.2613616536	1926723.2537631004	0	0
1035301.9177887986	1926723.31126605	0	0
1035301.6119305199	1926723.362425031	0	0
1035301.2852797044	1926723.417068594	0	0
1035300.9413554969	1926723.4745964792	0	0
1035300.6191718306	1926723.5285175103	0	0
1035300.2824994756	1926723.5848482775	0	0
1035299.9637894282	1926723.638153071	0	0
1035299.6482769442	1926723.690928795	0	0
1035299.3438722818	1926723.7418362014	0	0
1035299.0256818841	1926723.7950882085	0	0
1035298.7027258892	1926723.8491190437	0	0
1035298.3566217459	1926723.9069937936	0	0
1035298.0461432814	1926723.9589033944	0	0
1035297.7136243755	1926724.0145676832	0	0
1035297.4002005435	1926724.06697984	0	0
1035297.0777270324	1926724.1208962607	0	0
1035296.7728935276	1926724.1719036694	0	0
1035296.4440932898	1926724.2268945752	0	0
1035296.0703654952	1926724.2893814042	0	0
1035295.7186843177	1926724.3482052002	0	0
1035295.3863339484	1926724.4038263867	0	0
1035295.0707447093	1926724.4566314123	0	0
1035294.7395883735	1926724.5120121562	0	0
1035294.4118052828	1926724.5668513617	0	0
1035294.1084869001	1926724.617577645	0	0
1035293.7948335162	1926724.6700319345	0	0
1035293.4858355351	1926724.7387348595	0	0
1035293.1943621816	1926724.8185195804	0	0
1035292.9010752921	1926724.924582285	0	0
1035292.5704977072	1926725.0078964757	0	0
1035292.289894623	1926725.1459301827	0	0
1035291.9407989423	1926725.2394028057	0	0
1035291.6720451466	1926725.3740387892	0	0
1035291.3977024839	1926725.505564699	0	0
1035290.990163848	1926725.6562313102	0	0
1035290.6752199929	1926725.8509567378	0	0
1035290.3190605025	1926726.1225899078	0	0
1035290.0289487412	1926726.2775781178	0	0
1035289.7502387797	1926726.3996960674	0	0
1035289.4909715664	1926726.5543196066	0	0
1035289.2542207995	1926726.8020458946	0	0
1035288.9943212713	1926727.0690278253	0	0
1035288.7261864878	1926727.2679757203	0	0
1035288.4738955537	1926727.4819918782	0	0
1035288.2689862889	1926727.7400812567	0	0
1035288.0517244289	1926727.9573545842	0	0
1035287.8303778992	1926728.1599142519	0	0
1035287.595258261	1926728.4197516963	0	0
1035287.3679791962	1926728.641321613	0	0
1035287.1668801475	1926728.8819234676	0	0
1035286.931420392	1926729.114655244	0	0
1035286.7334957594	1926729.4023057178	0	0
1035286.5562550207	1926729.6909102981	0	0
1035286.362306102	1926729.9328769576	0	0
1035286.1818682585	1926730.2099711432	0	0
1035285.9847928724	1926730.522934783	0	0
1035285.8322945966	1926730.8062711542	0	0
1035285.6707421232	1926731.0659341163	0	0
1035285.5443164181	1926731.3448016238	0	0
1035285.4036224452	1926731.6328574338	0	0
1035285.2560791563	1926731.9260688757	0	0
1035285.1243412915	1926732.210345312	0	0
1035284.9926742794	1926732.491601565	0	0
1035284.8798857036	1926732.7741189518	0	0
1035284.7646271571	1926733.0641961785	0	0
1035284.6442114123	1926733.3465619201	0	0
1035284.5219306254	1926733.645957775	0	0
1035284.4173446505	1926733.9471605704	0	0
1035284.2994164574	1926734.248243025	0	0
1035284.1875936696	1926734.5328815123	0	0
1035284.0727116909	1926734.8194245936	0	0
1035283.9878751675	1926735.1208494673	0	0
1035283.8690882043	1926735.4058656534	0	0
1035283.785887486	1926735.6955669571	0	0
1035283.6719678331	1926736.0079895898	0	0
1035283.5727694053	1926736.309125346	0	0
1035283.4792424488	1926736.6240233774	0	0
1035283.3801765906	1926736.9110465213	0	0
1035283.3178373006	1926737.226073631	0	0
1035283.237412537	1926737.5336264602	0	0
1035283.1713583854	1926737.8279489318	0	0
1035283.1243186685	1926738.1490785317	0	0
1035283.0692274364	1926738.4674709488	0	0
1035283.0229321056	1926738.771033822	0	0
1035282.9906481329	1926739.0791833308	0	0
1035282.9639053465	1926739.3876802493	0	0
1035282.9351177462	1926739.6957021775	0	0
1035282.9089876239	1926740.0002109197	0	0
1035282.9021656594	1926740.302462764	0	0
1035282.8996944912	1926740.6041123045	0	0
1035282.892985986	1926740.9491831455	0	0
1035282.8982506245	1926741.2614385758	0	0
1035282.9043122677	1926741.5619418595	0	0
1035282.9068445407	1926741.8853083393	0	0
1035282.9276692722	1926742.1925464806	0	0
1035282.9560618416	1926742.5007898302	0	0
1035282.9898452633	1926742.8044342424	0	0
1035283.0339662909	1926743.1138734508	0	0
1035283.0701610268	1926743.431426727	0	0
1035283.1166556124	1926743.7523479993	0	0
1035283.1701147644	1926744.0546111139	0	0
1035283.2100005668	1926744.356414523	0	0
1035283.2667250029	1926744.6534040484	0	0
1035283.3495061053	1926744.9810357776	0	0
1035283.4274364663	1926745.2835807158	0	0
1035283.4894311527	1926745.621517962	0	0
1035283.6023673717	1926746.056091724	0	0
1035283.7333462527	1926746.3302883687	0	0
1035283.895984926	1926746.6411825293	0	0
1035283.979688395	1926746.965502414	0	0
1035284.1074095266	1926747.2853332371	0	0
1035284.2963038831	1926747.5273830614	0	0
1035284.4688165991	1926747.7963950592	0	0
1035284.6861841426	1926748.0682556906	0	0
1035284.874143875	1926748.3167910702	0	0
1035285.0825096195	1926748.539099592	0	0
1035285.3130703544	1926748.7508045242	0	0
1035285.538075545	1926748.9707527265	0	0
1035285.7936585732	1926749.173501185	0	0
1035286.0515927154	1926749.3348583668	0	0
1035286.317886157	1926749.4819741799	0	0
1035286.6173254009	1926749.61353324	0	0
1035286.911621356	1926749.7537998941	0	0
1035287.2091275313	1926749.8711219789	0	0
1035287.5350232711	1926749.9399282916	0	0
1035287.8231508953	1926750.0333429277	0	0
1035288.1263491997	1926750.0968295513	0	0
1035288.4585658984	1926750.1591595563	0	0
1035288.7567884173	1926750.209276431	0	0
1035289.0701968549	1926750.246709973	0	0
1035289.3737950829	1926750.2787690882	0	0
1035289.7018792727	1926750.2991318177	0	0
1035290.0394286066	1926750.310565663	0	0
1035290.3523145947	1926750.3208448717	0	0
1035290.6667335853	1926750.3056961463	0	0
1035291.0386124655	1926750.301500485	0	0
1035291.3500220905	1926750.2956883507	0	0
1035291.706937107	1926750.2887525454	0	0
1035292.0103611759	1926750.2981490463	0	0
1035292.3125776877	1926750.2889407107	0	0
1035292.6371880064	1926750.311857588	0	0
1035292.9651720945	1926750.314502843	0	0
1035293.299170565	1926750.3424670063	0	0
1035293.6195007783	1926750.3533679843	0	0
1035293.9300396467	1926750.3615499297	0	0
1035294.2468984857	1926750.4099180526	0	0
1035294.6215856302	1926750.455649174	0	0
1035294.9218923668	1926750.485504471	0	0
1035295.2253681866	1926750.5627440067	0	0
1035295.5327969373	1926750.6413738655	0	0
1035295.8333536396	1926750.7068937847	0	0
1035296.1431266121	1926750.801735578	0	0
1035296.4749107951	1926750.9287727992	0	0
1035296.7699358913	1926751.03657955	0	0
1035297.0748395158	1926751.1603516736	0	0
1035297.3808092049	1926751.312599052	0	0
1035297.6627738612	1926751.4592313136	0	0
1035297.9372466804	1926751.6236130646	0	0
1035298.2366523122	1926751.7952421466	0	0
1035298.5007434323	1926751.9566055655	0	0
1035298.7547580235	1926752.1221578124	0	0
1035299.0019382853	1926752.310658113	0	0
1035299.2266272506	1926752.5144876365	0	0
1035299.4854130364	1926752.719743691	0	0
1035299.710547208	1926752.9656803007	0	0
1035299.9165877409	1926753.2167001627	0	0
1035300.1087697821	1926753.4832931615	0	0
1035300.3026941308	1926753.7141616268	0	0
1035300.4603586814	1926753.9866000316	0	0
1035300.6049542846	1926754.2575643768	0	0
1035300.7240191562	1926754.5430772365	0	0
1035300.8555831278	1926754.8390427497	0	0
1035300.9823793228	1926755.121031452	0	0
1035301.1053602557	1926755.4299530159	0	0
1035301.2001507645	1926755.71720139	0	0
1035301.3186298568	1926756.0347949574	0	0
1035301.3889929905	1926756.3497475032	0	0
1035301.4515410519	1926756.6638892759	0	0
1035301.4740050534	1926756.9635086288	0	0
1035301.5599832708	1926757.2858351902	0	0
1035301.5677837313	1926757.6488370965	0	0
1035301.6153908406	1926757.9563937744	0	0
1035301.5918525094	1926758.263446204	0	0
1035301.5687262474	1926758.578180532	0	0
1035301.5167613483	1926758.8986063073	0	0
1035301.4619358976	1926759.196418355	0	0
1035301.3710284615	1926759.5563114823	0	0
1035301.2629600737	1926759.8495547306	0	0
1035301.1931497274	1926760.1550788211	0	0
1035301.0999500754	1926760.4613758968	0	0
1035301.0009715841	1926760.765475434	0	0
1035300.9266566313	1926761.06255071	0	0
1035300.8230608104	1926761.3441612148	0	0
1035300.7138138535	1926761.641475204	0	0
1035300.6037250888	1926761.951440918	0	0
1035300.5016890957	1926762.243406644	0	0
1035300.3988912828	1926762.538183216	0	0
1035300.2935402037	1926762.8399994886	0	0
1035300.188031	1926763.1421642087	0	0
1035300.0840095893	1926763.440003695	0	0
1035299.9787351635	1926763.72546337	0	0
1035299.8813314537	1926764.0764487837	0	0
1035299.8015111272	1926764.3906184393	0	0
1035299.7250313928	1926764.6846837949	0	0
1035299.6730191	1926765.0253882324	0	0
1035299.5810964305	1926765.3146916241	0	0
1035299.5811525491	1926765.7022140773	0	0
1035299.4972509654	1926766.0571829393	0	0
1035299.5194662622	1926766.358049588	0	0
1035299.4721552095	1926766.7053901288	0	0
1035299.4719332255	1926767.0777558188	0	0
1035299.4670524454	1926767.4052618993	0	0
1035299.4691190628	1926767.71134764	0	0
1035299.5246715612	1926768.0134303893	0	0
1035299.5653634678	1926768.313476556	0	0
1035299.6362323846	1926768.6052279617	0	0
1035299.6782490232	1926768.9121770503	0	0
1035299.7978890858	1926769.214316271	0	0
1035299.8699691587	1926769.5143573685	0	0
1035299.986509645	1926769.797403939	0	0
1035300.0980230919	1926770.0866421864	0	0
1035300.243543319	1926770.3724073418	0	0
1035300.4108609528	1926770.6308080468	0	0
1035300.5777164043	1926770.9087026103	0	0
1035300.7627461214	1926771.2326785382	0	0
1035300.9414340715	1926771.4880553964	0	0
1035301.1528887434	1926771.8007472134	0	0
1035301.3495707016	1926772.084730836	0	0
1035301.5832461672	1926772.3270646152	0	0
1035301.8152768457	1926772.5547845166	0	0
1035302.0342925868	1926772.779551078	0	0
1035302.2696180453	1926772.992933925	0	0
1035302.5308692822	1926773.1793840928	0	0
1035302.7799535516	1926773.3671364328	0	0
1035303.0411406002	1926773.526882057	0	0
1035303.3269414312	1926773.6644808054	0	0
1035303.6090564239	1926773.8150981183	0	0
1035303.9067644569	1926773.9735163527	0	0
1035304.2040486751	1926774.080794416	0	0
1035304.5213537056	1926774.184178907	0	0
1035304.8214076592	1926774.2563743812	0	0
1035305.1394286167	1926774.3723285364	0	0
1035305.4540075372	1926774.4186920417	0	0
1035305.7569888801	1926774.5121747504	0	0
1035306.0794035121	1926774.6108947978	0	0
1035306.4264401777	1926774.6562020825	0	0
1035306.7585616681	1926774.6529467425	0	0
1035307.0708880496	1926774.6509029458	0	0
1035307.3962296378	1926774.6191273786	0	0
1035307.7261161045	1926774.645149385	0	0
1035308.0355993396	1926774.5953755674	0	0
1035308.4086370012	1926774.566737909	0	0
1035308.7158623184	1926774.4746603628	0	0
1035309.0179374845	1926774.4301553785	0	0
1035309.3211239869	1926774.3714007302	0	0
1035309.6095706811	1926774.2866697966	0	0
1035309.9061815736	1926774.1798054052	0	0
1035310.2048285507	1926774.1186440098	0	0
1035310.5499120099	1926773.93623838	0	0
1035310.8928936021	1926773.8150801486	0	0
1035311.2359969334	1926773.643019296	0	0
1035311.509972435	1926773.4366109027	0	0
1035311.7893420747	1926773.2527801686	0	0
1035312.1616055096	1926773.0884152579	0	0
1035312.4655690688	1926772.9125131317	0	0
1035312.7539522109	1926772.666522402	0	0
1035313.0326159494	1926772.4291360714	0	0
1035313.3482236947	1926772.2214356745	0	0
1035313.6660424261	1926772.0215220472	0	0
1035313.9394211073	1926771.835398844	0	0
1035314.2085457848	1926771.643302795	0	0
1035314.5436160272	1926771.422666538	0	0
1035314.813985171	1926771.222350302	0	0
1035315.079500797	1926770.9817491027	0	0
1035315.3117550458	1926770.7351568942	0	0
1035315.5584095849	1926770.4302287288	0	0
1035315.7736907413	1926770.1234137318	0	0
1035316.0341125374	1926769.8547768595	0	0
1035316.2696689144	1926769.6423870856	0	0
1035316.4484285574	1926769.4003470505	0	0
1035316.6324333868	1926769.1556741854	0	0
1035316.930927977	1926768.8120175684	0	0
1035317.153364477	1926768.5494762063	0	0
1035317.3740448251	1926768.298549696	0	0
1035317.5370099982	1926768.0143113954	0	0
1035317.6773657538	1926767.7393883374	0	0
1035317.8266265858	1926767.4533301806	0	0
1035317.990688196	1926767.170192695	0	0
1035318.1416410466	1926766.897696284	0	0
1035318.2509988951	1926766.6030086188	0	0
1035318.3888384994	1926766.3270232375	0	0
1035318.5162771388	1926766.0497129748	0	0
1035318.6364400049	1926765.767419494	0	0
1035318.7629054385	1926765.4918180585	0	0
1035318.8652622144	1926765.2084788377	0	0
1035318.9498659899	1926764.9169076483	0	0
1035319.0273204923	1926764.6085446612	0	0
1035319.0907024906	1926764.3100139736	0	0
1035319.1530090817	1926764.0148232179	0	0
1035319.2087246598	1926763.7186122406	0	0
1035319.2493760155	1926763.3889886097	0	0
1035319.2823871194	1926763.0888616745	0	0
1035319.3141414725	1926762.7890809972	0	0
1035319.3305736886	1926762.4884618782	0	0
1035319.3567315862	1926762.1807643701	0	0
1035319.3482078355	1926761.8469722448	0	0
1035319.3342335426	1926761.546999407	0	0
1035319.3268144524	1926761.2445366222	0	0
1035319.3088917617	1926760.936642611	0	0
1035319.2866835162	1926760.6314882266	0	0
1035319.2663122216	1926760.3240436236	0	0
1035319.2317834836	1926760.0202500094	0	0
1035319.1985931793	1926759.7061624606	0	0
1035319.1631038886	1926759.3965551122	0	0
1035319.1263229352	1926759.0923747693	0	0
1035319.0895293829	1926758.7889877025	0	0
1035319.0568661126	1926758.4897556838	0	0
1035319.0129373122	1926758.1715759882	0	0
1035318.970657927	1926757.8648363424	0	0
1035318.9303280411	1926757.5621713295	0	0
1035318.8879621323	1926757.2647231387	0	0
1035318.8395796231	1926756.9617929053	0	0
1035318.7906557303	1926756.6516365013	0	0
1035318.7386642395	1926756.320373734	0	0
1035318.6837915834	1926755.9706779253	0	0
1035318.6326158451	1926755.6447383019	0	0
1035318.5851876963	1926755.3345598746	0	0
1035318.526013525	1926755.0145511106	0	0
1035318.4808832839	1926754.713412078	0	0
1035318.4277105447	1926754.3883105149	0	0
1035318.3743048387	1926754.0653873119	0	0
1035318.3224459297	1926753.7478751552	0	0
1035318.2658888499	1926753.4033559721	0	0
1035318.2135517099	1926753.0842492678	0	0
1035318.148041181	1926752.6847312183	0	0
1035318.0885407008	1926752.321854303	0	0
1035318.0359677201	1926752.0012637163	0	0
1035317.983376579	1926751.6808559475	0	0
1035317.9345184441	1926751.3828926543	0	0
1035317.8820706477	1926751.063067015	0	0
1035317.8307637925	1926750.7501871514	0	0
1035317.77462609	1926750.4080855753	0	0
1035317.7168089335	1926750.055474288	0	0
1035317.6648895933	1926749.7244720797	0	0
1035317.6040306494	1926749.3923665658	0	0
1035317.552027929	1926749.071418821	0	0
1035317.5003643148	1926748.7675514547	0	0
1035317.4482367983	1926748.4573441716	0	0
1035317.3918326782	1926748.1214488428	0	0
1035317.3402698179	1926747.8150805775	0	0
1035317.2893658102	1926747.5123849707	0	0
1035317.2386843276	1926747.2110509663	0	0
1035317.1875725676	1926746.9070245132	0	0
1035317.1303672151	1926746.56681338	0	0
1035317.0745972411	1926746.235185429	0	0
1035317.0231636817	1926745.929322767	0	0
1035316.9719521625	1926745.6248522159	0	0
1035316.915777095	1926745.2908679214	0	0
1035316.8622502659	1926744.9726883986	0	0
1035316.80656504	1926744.641489047	0	0
1035316.7419960847	1926744.257626594	0	0
1035316.6805787717	1926743.8924608838	0	0
1035316.6152567734	1926743.5041307954	0	0
1035316.5584470605	1926743.1668709656	0	0
1035316.5020363847	1926742.8323488603	0	0
1035316.4492672009	1926742.5183471167	0	0
1035316.3922085825	1926742.1785045327	0	0
1035316.3137073654	1926741.7110905552	0	0
1035316.2467078498	1926741.312128714	0	0
1035316.1955716319	1926741.0077203955	0	0
1035316.1382849157	1926740.666867088	0	0
1035316.0732307145	1926740.2799298363	0	0
1035316.0151372026	1926739.9341502702	0	0
1035315.9505609793	1926739.549784148	0	0
1035315.8913255539	1926739.1971198197	0	0
1035315.8254536605	1926738.8049814734	0	0
1035315.7734108838	1926738.4952027972	0	0
1035315.7156403774	1926738.151183157	0	0
1035315.6481648192	1926737.7495281484	0	0
1035315.5862525742	1926737.3809365253	0	0
1035315.5192133454	1926736.981592578	0	0
1035315.4444981563	1926736.5371274645	0	0
1035315.3532344227	1926735.9941763442	0	0
1035315.2883363954	1926735.6079740142	0	0
1035315.20847751	1926735.1328478649	0	0
1035315.1499767164	1926734.7848492519	0	0
1035315.0943081876	1926734.4535586194	0	0
1035315.0385537008	1926734.1219156592	0	0
1035314.9718006679	1926733.7247277924	0	0
1035314.9076559241	1926733.342977849	0	0
1035314.8471904387	1926732.9832137413	0	0
1035314.7794482793	1926732.580089613	0	0
1035314.7237652207	1926732.2487529737	0	0
1035314.6559230563	1926731.8452000069	0	0
1035314.5883920398	1926731.4431931546	0	0
1035314.5246381002	1926731.0637382863	0	0
1035314.4659293087	1926730.714424084	0	0
1035314.4096612483	1926730.3795685484	0	0
1035314.3595967116	1926730.0816623985	0	0
1035314.2919228306	1926729.6790429098	0	0
1035314.2302154232	1926729.311965202	0	0
1035314.1804869723	1926729.015956524	0	0
1035314.1205650757	1926728.6594359928	0	0
1035314.0632241061	1926728.3181545688	0	0
1035313.9945874899	1926727.9098586536	0	0
1035313.9427248503	1926727.601227274	0	0
1035313.8819932486	1926727.2399635452	0	0
1035313.8182656973	1926726.8607685072	0	0
1035313.7433686478	1926726.415262891	0	0
1035313.6872841233	1926726.081341075	0	0
1035313.6321022807	1926725.7530337132	0	0
1035313.5665623377	1926725.3630521824	0	0
1035313.5072956573	1926725.0104331437	0	0
1035313.4245943219	1926724.5182784128	0	0
1035313.3639341461	1926724.1573210058	0	0
1035313.2739115801	1926723.621729258	0	0
1035313.1832899704	1926723.0825420942	0	0
1035313.1234235151	1926722.7263734064	0	0
1035313.0716444075	1926722.4182469123	0	0
1035312.9892057827	1926721.9278053797	0	0
1035312.9392543172	1926721.630465616	0	0
1035312.8722925475	1926721.2320079342	0	0
1035312.800323645	1926720.8038984877	0	0
1035312.7133706321	1926720.286407072	0	0
1035312.6519426402	1926719.9209512796	0	0
1035312.5864181878	1926719.5309547381	0	0
1035312.5327150628	1926719.211383838	0	0
1035312.475537284	1926718.8713562638	0	0
1035312.4202457439	1926718.5422689419	0	0
1035312.3702351934	1926718.2448061672	0	0
1035312.2978794754	1926717.8141499255	0	0
1035312.2292432083	1926717.4058311267	0	0
1035312.1709953074	1926717.0592022336	0	0
1035312.108384839	1926716.68653297	0	0
1035312.0531175105	1926716.357842767	0	0
1035312.0033181001	1926716.0614972697	0	0
1035311.9416294465	1926715.6941986068	0	0
1035311.8744572522	1926715.2945778926	0	0
1035311.8223567003	1926714.9845923036	0	0
1035311.7695712642	1926714.6706513518	0	0
1035311.7163737982	1926714.3288482637	0	0
1035311.6493858292	1926714.00986749	0	0
1035311.5997223005	1926713.7088090687	0	0
1035311.5349469612	1926713.3292922133	0	0
1035311.4766863015	1926713.0026831296	0	0
1035311.4182561775	1926712.6713715377	0	0
1035311.3663539448	1926712.3758013789	0	0
1035311.2989625984	1926711.9919017456	0	0
1035311.2343260362	1926711.6238238283	0	0
1035311.1712251039	1926711.2647426892	0	0
1035311.1156765315	1926710.9489572714	0	0
1035311.0428585284	1926710.53491855	0	0
1035310.9877043982	1926710.2211993826	0	0
1035310.9122152647	1926709.7918361928	0	0
1035310.8416965931	1926709.390590637	0	0
1035310.7854783916	1926709.070850097	0	0
1035310.7219839836	1926708.709641685	0	0
1035310.6657380548	1926708.389725223	0	0
1035310.5968406074	1926707.9978516544	0	0
1035310.5261645511	1926707.594986133	0	0
1035310.4383159177	1926707.0944944615	0	0
1035310.3829393747	1926706.7803674042	0	0
1035310.3297633687	1926706.4785283904	0	0
1035310.2307790976	1926705.916319692	0	0
1035310.1632982605	1926705.5332502662	0	0
1035310.0962428618	1926705.1522170615	0	0
1035310.037081239	1926704.8160414423	0	0
1035309.9733142959	1926704.453737674	0	0
1035309.9160280211	1926704.1282274716	0	0
1035309.8582908879	1926703.8003601958	0	0
1035309.7867160043	1926703.393558798	0	0
1035309.714086249	1926702.9811176485	0	0
1035309.6556086609	1926702.6489507912	0	0
1035309.5862436359	1926702.2548114432	0	0
1035309.524171769	1926701.902033422	0	0
1035309.4616768872	1926701.547066622	0	0
1035309.4078750783	1926701.2413952562	0	0
1035309.3491178184	1926700.9076217457	0	0
1035309.2794722762	1926700.51192914	0	0
1035309.2122054843	1926700.1297939238	0	0
1035309.1355470561	1926699.6943085024	0	0
1035309.0757148303	1926699.3542387818	0	0
1035309.0176274396	1926699.0244051458	0	0
1035308.9627626486	1926698.712643752	0	0
1035308.9097140016	1926698.4114323906	0	0
1035308.8446717156	1926698.0419976052	0	0
1035308.7853689193	1926697.705102564	0	0
1035308.7175982365	1926697.3201058863	0	0
1035308.6654498553	1926697.0237001993	0	0
1035308.6123484212	1926696.7219691859	0	0
1035308.5537849866	1926696.3894423828	0	0
1035308.4980085478	1926696.0726309922	0	0
1035308.444864012	1926695.7707314459	0	0
1035308.3783995362	1926695.39284339	0	0
1035308.3239932249	1926695.0839198516	0	0
1035308.2641321812	1926694.7437428616	0	0
1035308.212121812	1926694.448254917	0	0
1035308.1333473417	1926694.0009253086	0	0
1035308.0430727096	1926693.487928386	0	0
1035307.9454630278	1926692.9333253286	0	0
1035307.8917615763	1926692.6280599276	0	0
1035307.8136162963	1926692.184349103	0	0
1035307.7583563272	1926691.8705672284	0	0
1035307.6889187691	1926691.4761902154	0	0
1035307.6247171755	1926691.1114686027	0	0
1035307.5626129697	1926690.7588045143	0	0
1035307.507760031	1926690.447256943	0	0
1035307.4471975109	1926690.1032082483	0	0
1035307.3603198063	1926689.609796997	0	0
1035307.305522197	1926689.298608895	0	0
1035307.2404228766	1926688.9289214313	0	0
1035307.1602497387	1926688.4985606838	0	0
1035307.1112070455	1926688.1680161792	0	0
1035307.0619844839	1926687.8468760902	0	0
1035307.0079332703	1926687.538652485	0	0
1035306.9418883086	1926687.1602904322	0	0
1035306.8725444829	1926686.7475199956	0	0
1035306.819964265	1926686.4302634448	0	0
1035306.7657951276	1926686.1064049634	0	0
1035306.7129602643	1926685.792692121	0	0
1035306.6599647462	1926685.477565259	0	0
1035306.59350924	1926685.081816506	0	0
1035306.543842859	1926684.7857401627	0	0
1035306.487205496	1926684.4481931694	0	0
1035306.4296724679	1926684.1055506482	0	0
1035306.3662585563	1926683.7277415628	0	0
1035306.3064408525	1926683.3713829266	0	0
1035306.2498421067	1926683.03428669	0	0
1035306.1959896703	1926682.7135461068	0	0
1035306.1449540047	1926682.4095285207	0	0
1035306.0810210691	1926682.0288501002	0	0
1035306.0214973188	1926681.6741593827	0	0
1035305.9694429842	1926681.3641440182	0	0
1035305.915453981	1926681.042394168	0	0
1035305.8568502238	1926680.69318847	0	0
1035305.8070540533	1926680.3966370309	0	0
1035305.7544814231	1926680.0837065761	0	0
1035305.7013277884	1926679.767005507	0	0
1035305.6482332378	1926679.4504274537	0	0
1035305.5965554229	1926679.1426459139	0	0
1035305.5423823944	1926678.8199928482	0	0
1035305.4819938493	1926678.4601842104	0	0
1035305.4212590485	1926678.0981574925	0	0
1035305.3568245247	1926677.7144726852	0	0
1035305.2962103054	1926677.3535007667	0	0
1035305.2365044612	1926676.9977847906	0	0
1035305.1781795198	1926676.6502391407	0	0
1035305.1245763531	1926676.3310970992	0	0
1035305.0735831786	1926676.0272861857	0	0
1035305.0109055918	1926675.6540360288	0	0
1035304.9421807749	1926675.244563776	0	0
1035304.8893750842	1926674.929974	0	0
1035304.8355078693	1926674.609202669	0	0
1035304.7763310899	1926674.2566842604	0	0
1035304.7246834157	1926673.9489260947	0	0
1035304.6690863767	1926673.6179341744	0	0
1035304.6042650368	1926673.2317025769	0	0
1035304.5498419962	1926672.9074967357	0	0
1035304.4947074376	1926672.5790909557	0	0
1035304.4431845827	1926672.2721206145	0	0
1035304.3932517193	1926671.9745675381	0	0
1035304.3317051489	1926671.6079272958	0	0
1035304.2755388448	1926671.273386211	0	0
1035304.2212959506	1926670.950327672	0	0
1035304.1649107584	1926670.614196162	0	0
1035304.1142099565	1926670.312152325	0	0
1035304.059551194	1926669.986454969	0	0
1035303.9892361381	1926669.5675807155	0	0
1035303.9387171796	1926669.2665773912	0	0
1035303.8846690825	1926668.9447045294	0	0
1035303.8333116873	1926668.6282761376	0	0
1035303.7749591595	1926668.3228224402	0	0
1035303.6788745754	1926667.9844582507	0	0
1035303.5835912903	1926667.6725051296	0	0
1035303.5197033331	1926667.3581742484	0	0
1035303.4323623164	1926667.0688087372	0	0
1035303.3472323879	1926666.774732744	0	0
1035303.2752893444	1926666.480469437	0	0
1035303.1442401895	1926666.2030062322	0	0
1035303.061980744	1926665.885759019	0	0
1035302.942532682	1926665.5734450317	0	0
1035302.7509889384	1926665.28202794	0	0
1035302.5825559221	1926665.0035361643	0	0
1035302.3947257568	1926664.7578868617	0	0
1035302.1811570755	1926664.5148882626	0	0
1035301.9578295215	1926664.2964316374	0	0
1035301.7220373707	1926664.0980183284	0	0
1035301.4854692287	1926663.9033083003	0	0
1035301.2161201499	1926663.7309664222	0	0
1035300.9436381751	1926663.5570030964	0	0
1035300.6700074393	1926663.415019977	0	0
1035300.3920343145	1926663.2668642362	0	0
1035300.1062321491	1926663.1543287386	0	0
1035299.824991143	1926663.0188167158	0	0
1035299.5462828896	1926662.8972536412	0	0
1035299.2514967835	1926662.832527371	0	0
1035298.9490673458	1926662.774912556	0	0
1035298.6432813648	1926662.6730691805	0	0
1035298.328802453	1926662.6405855822	0	0
1035298.0201204077	1926662.6120469829	0	0
1035297.7192461386	1926662.5732485205	0	0
1035297.408556948	1926662.5730905924	0	0
1035297.0893470526	1926662.5737968243	0	0
1035296.7741758344	1926662.5728963166	0	0
1035296.4704217062	1926662.5943715677	0	0
1035296.159240532	1926662.5867593612	0	0
1035295.8210063345	1926662.613165073	0	0
1035295.5184329753	1926662.6126553707	0	0
1035295.1545763261	1926662.6627483822	0	0
1035294.8380733518	1926662.6702803003	0	0
1035294.4587751657	1926662.7678892445	0	0
1035294.136408161	1926662.7829118334	0	0
1035293.8138617658	1926662.8380555264	0	0
1035293.4938413128	1926662.881154079	0	0
1035293.1902608275	1926662.9157168157	0	0
1035292.8931622629	1926662.9821902015	0	0
1035292.5799201069	1926663.0284482331	0	0
1035292.2748920842	1926663.0753707907	0	0
1035291.9772841367	1926663.129720316	0	0
1035291.666276711	1926663.1827507545	0	0
1035291.3684383952	1926663.2328698388	0	0
1035291.0660007169	1926663.2838695708	0	0
1035290.7676937245	1926663.3341948362	0	0
1035290.4635117322	1926663.3854949444	0	0
1035290.1660079431	1926663.4356880032	0	0
1035289.8578559386	1926663.4871539457	0	0
1035289.5368601598	1926663.5402622798	0	0
1035289.2386459141	1926663.5900320564	0	0
1035288.9306793974	1926663.6413483578	0	0
1035288.5978055228	1926663.696785816	0	0
1035288.2505422415	1926663.7546269586	0	0
1035287.7706464457	1926663.834562793	0	0
1035287.3949213184	1926663.8969493066	0	0
1035287.0557006532	1926663.9499208003	0	0
1035286.7362696589	1926664.0154749383	0	0
1035286.429503686	1926664.0699842046	0	0
1035286.0514581776	1926664.1324330545	0	0
1035285.7059710419	1926664.1918130582	0	0
1035285.3191645812	1926664.2601654015	0	0
1035284.9962711853	1926664.316982086	0	0
1035284.6375195326	1926664.3795160842	0	0
1035284.3003881952	1926664.4383268713	0	0
1035283.9348848446	1926664.5022719295	0	0
1035283.5761612782	1926664.5649589598	0	0
1035283.2432517939	1926664.6231196092	0	0
1035282.9267834414	1926664.67843612	0	0
1035282.6296566711	1926664.7303518213	0	0
1035282.3082309411	1926664.7865127816	0	0
1035282.0046849459	1926664.8395625255	0	0
1035281.6854929125	1926664.8953545939	0	0
1035281.3815798206	1926664.9484595503	0	0
1035281.0356410751	1926665.008892892	0	0
1035280.7328517202	1926665.0556144756	0	0
1035280.4175945685	1926665.129306984	0	0
1035280.1050426369	1926665.1945583674	0	0
1035279.7837239436	1926665.2655987034	0	0
1035279.462646797	1926665.3358417696	0	0
1035279.1319963404	1926665.4059709525	0	0
1035278.7895722715	1926665.479056547	0	0
1035278.4866457466	1926665.6165679288	0	0
1035278.0944985021	1926665.6978972873	0	0
1035277.7925456449	1926665.8062867804	0	0
1035277.5190275625	1926665.9646819434	0	0
1035277.2287494726	1926666.0763391866	0	0
1035276.9314913033	1926666.2090729177	0	0
1035276.659261358	1926666.3483306724	0	0
1035276.3656519882	1926666.4972817926	0	0
1035276.089594286	1926666.6676226933	0	0
1035275.8226411361	1926666.8181110607	0	0
1035275.5675295532	1926666.9921111043	0	0
1035275.2992931056	1926667.147019504	0	0
1035275.0604923917	1926667.3316624346	0	0
1035274.8117074339	1926667.5324588418	0	0
1035274.588415795	1926667.733072633	0	0
1035274.3341697581	1926667.9693132564	0	0
1035274.1380838347	1926668.2094072786	0	0
1035273.9244149784	1926668.4315214462	0	0
1035273.706216423	1926668.664061973	0	0
1035273.520479151	1926668.9217462954	0	0
1035273.3174532091	1926669.1544514839	0	0
1035273.1589107695	1926669.4196326798	0	0
1035272.9789526295	1926669.6732506554	0	0
1035272.7598156991	1926669.9730462718	0	0
1035272.5991576834	1926670.3051434117	0	0
1035272.4450746415	1926670.5696095752	0	0
1035272.3005719042	1926670.8529661298	0	0
1035272.1747212522	1926671.1306983472	0	0
1035272.0683704495	1926671.4320562256	0	0
1035271.9782218451	1926671.7220744535	0	0
1035271.9139268523	1926672.0300589222	0	0
1035271.8384661798	1926672.3387510965	0	0
1035271.7744427371	1926672.6642268726	0	0
1035271.7214919791	1926672.960260469	0	0
1035271.6810648376	1926673.274330902	0	0
1035271.6320487589	1926673.5829929006	0	0
1035271.5961807455	1926673.9011183828	0	0
1035271.5826599029	1926674.2091462358	0	0
1035271.584881801	1926674.518911865	0	0
1035271.5846803148	1926674.8246563713	0	0
1035271.5942853751	1926675.1398494442	0	0
1035271.6182088298	1926675.445580339	0	0
1035271.6429277605	1926675.764156818	0	0
1035271.6614757992	1926676.0821622657	0	0
1035271.6869773738	1926676.3975772688	0	0
1035271.7520562045	1926676.7411712054	0	0
1035271.7703679851	1926677.0644449391	0	0
1035271.8116411169	1926677.3965979295	0	0
1035271.8582302561	1926677.6961960122	0	0
1035271.8907198259	1926677.9996443684	0	0
1035271.93392385	1926678.3005314951	0	0
1035271.9781376884	1926678.6094151991	0	0
1035272.0188055527	1926678.913382546	0	0
1035272.0609565534	1926679.2195631359	0	0
1035272.103324272	1926679.526510125	0	0
1035272.1456579689	1926679.8331971713	0	0
1035272.1878851277	1926680.1389059348	0	0
1035272.2300738281	1926680.4393496814	0	0
1035272.2787610304	1926680.741834546	0	0
1035272.32560122	1926681.0482040492	0	0
1035272.3793791702	1926681.4019794844	0	0
1035272.4256123087	1926681.7066989902	0	0
1035272.4787193013	1926682.056122541	0	0
1035272.5286818049	1926682.3849573277	0	0
1035272.5765711488	1926682.7002090644	0	0
1035272.6300016311	1926683.051842704	0	0
1035272.6977153333	1926683.4625272164	0	0
1035272.7448947694	1926683.7840468215	0	0
1035272.7935966775	1926684.0942530527	0	0
1035272.8428765702	1926684.4074592555	0	0
1035272.8940179781	1926684.7350844056	0	0
1035272.9421341553	1926685.0422981721	0	0
1035272.992662724	1926685.3652748049	0	0
1035273.0409746643	1926685.6740938874	0	0
1035273.0907970447	1926685.992534967	0	0
1035273.1395414383	1926686.3039091993	0	0
1035273.1883003614	1926686.6153294393	0	0
1035273.2352146952	1926686.9151081678	0	0
1035273.2886188624	1926687.2563880526	0	0
1035273.3353875529	1926687.5552489127	0	0
1035273.3821890482	1926687.854446003	0	0
1035273.4302606684	1926688.161582764	0	0
1035273.4780481418	1926688.4669144342	0	0
1035273.5259420883	1926688.7660220596	0	0
1035273.5754892015	1926689.0772945918	0	0
1035273.6240769665	1926689.383157781	0	0
1035273.6715786367	1926689.6819845128	0	0
1035273.7239918308	1926689.9905406567	0	0
1035273.7769647664	1926690.2969999306	0	0
1035273.8285153395	1926690.601742845	0	0
1035273.879557423	1926690.9039141492	0	0
1035273.930828566	1926691.2075158209	0	0
1035274.0077906086	1926691.6632778004	0	0
1035274.0702540156	1926692.0331980288	0	0
1035274.134222662	1926692.4121069182	0	0
1035274.1958712803	1926692.7771236466	0	0
1035274.2498344923	1926693.096652853	0	0
1035274.3018845856	1926693.405012497	0	0
1035274.3554075934	1926693.7219940647	0	0
1035274.4134348189	1926694.0657049057	0	0
1035274.4827124209	1926694.4759183393	0	0
1035274.5367786606	1926694.796166368	0	0
1035274.5899744196	1926695.1111743054	0	0
1035274.6445573766	1926695.4344365904	0	0
1035274.6998105688	1926695.76161586	0	0
1035274.7632929999	1926696.1375109768	0	0
1035274.8195367705	1926696.4705349815	0	0
1035274.8828141105	1926696.8454121023	0	0
1035274.9390920205	1926697.178688422	0	0
1035274.994045686	1926697.5040699905	0	0
1035275.0460764045	1926697.8122080693	0	0
1035275.1000800492	1926698.1320736236	0	0
1035275.1506246551	1926698.4314598585	0	0
1035275.2021332065	1926698.7364462558	0	0
1035275.2569394099	1926699.0610243743	0	0
1035275.3113757488	1926699.383429819	0	0
