후진 2번

1035298.0970793255	1926707.8888670898	0	0
1035298.0729688654	1926707.9095876059	0	0
1035298.0399239103	1926707.9260004752	0	0
1035298.0105878564	1926707.93707051	0	0
1035297.9860991813	1926707.9551833349	0	0
1035297.9613449654	1926707.9765650283	0	0
1035297.935899067	1926707.9963411535	0	0
1035297.9052391943	1926708.0220694721	0	0
1035297.8749519697	1926708.034902092	0	0
1035297.8508487835	1926708.0542036197	0	0
1035297.8194491746	1926708.0616549815	0	0
1035297.79348255	1926708.0950034861	0	0
1035297.7630762252	1926708.1182180713	0	0
1035297.7225500818	1926708.1387389237	0	0
1035297.690378333	1926708.1674263973	0	0
1035297.6583148577	1926708.1921787302	0	0
1035297.6281898423	1926708.2087295284	0	0
1035297.6011630472	1926708.2329285943	0	0
1035297.5649171572	1926708.247200126	0	0
1035297.5452742918	1926708.271974232	0	0
1035297.5153290441	1926708.2767249304	0	0
1035297.4979082082	1926708.3061883668	0	0
1035297.461189683	1926708.3310041016	0	0
1035297.4355829251	1926708.3599484272	0	0
1035297.4081771099	1926708.376305897	0	0
1035297.3765679218	1926708.3988757501	0	0
1035297.3450054592	1926708.4223466418	0	0
1035297.3144576639	1926708.4525476696	0	0
1035297.2859268516	1926708.4662398107	0	0
1035297.2635367166	1926708.4886508966	0	0
1035297.2303247913	1926708.521342635	0	0
1035297.2043312608	1926708.5429335346	0	0
1035297.1754459109	1926708.560694238	0	0
1035297.1543024746	1926708.58291149	0	0
1035297.1234574745	1926708.6092472349	0	0
1035297.0890493621	1926708.6389520748	0	0
1035297.0657658301	1926708.6604486792	0	0
1035297.0381139105	1926708.6870182445	0	0
1035297.0076008583	1926708.7179141215	0	0
1035296.9795043025	1926708.7359696429	0	0
1035296.9506477636	1926708.7692112194	0	0
1035296.9223250228	1926708.789498616	0	0
1035296.9054791812	1926708.8173460853	0	0
1035296.874131525	1926708.8383407705	0	0
1035296.8560937237	1926708.8643763552	0	0
1035296.8280391162	1926708.8903596802	0	0
1035296.8103785813	1926708.9166606609	0	0
1035296.7885574371	1926708.9460008054	0	0
1035296.7648146886	1926708.9651859875	0	0
1035296.7394087892	1926708.9944539438	0	0
1035296.7161362728	1926709.0311106923	0	0
1035296.6828623441	1926709.0653044824	0	0
1035296.6541945942	1926709.0794522164	0	0
1035296.6420000924	1926709.1165977148	0	0
1035296.6120715336	1926709.1539269784	0	0
1035296.5860865808	1926709.1778602928	0	0
1035296.5704352245	1926709.2092821097	0	0
1035296.5483962649	1926709.238885833	0	0
1035296.5244985371	1926709.258701806	0	0
1035296.5050696211	1926709.2969073674	0	0
1035296.4682441604	1926709.354879549	0	0
1035296.4409338569	1926709.373390075	0	0
1035296.4310549548	1926709.4030877291	0	0
1035296.4142970903	1926709.4359644824	0	0
1035296.392507302	1926709.465732388	0	0
1035296.3652416953	1926709.48142831	0	0
1035296.3616870416	1926709.5169333217	0	0
1035296.3367353688	1926709.5363358175	0	0
1035296.3278606534	1926709.566217265	0	0
1035296.3039304885	1926709.6144986842	0	0
1035296.2744564476	1926709.6510722074	0	0
1035296.2485223893	1926709.6693985893	0	0
1035296.2449309661	1926709.7153860605	0	0
1035296.2270438592	1926709.7468257814	0	0
1035296.1991146152	1926709.7663564703	0	0
1035296.196730005	1926709.8036119808	0	0
1035296.1737430709	1926709.82901201	0	0
1035296.1616633368	1926709.8675784292	0	0
1035296.1453173647	1926709.9009423922	0	0
1035296.1250527741	1926709.9269120917	0	0
1035296.1120215445	1926709.9624573495	0	0
1035296.0997895213	1926709.9981221086	0	0
1035296.082101258	1926710.024727836	0	0
1035296.0664944663	1926710.0547846681	0	0
1035296.0567958887	1926710.09378564	0	0
1035296.0370021346	1926710.137188779	0	0
1035296.0159227088	1926710.1640229458	0	0
1035296.0033218431	1926710.20609832	0	0
1035295.9935359946	1926710.2424275596	0	0
1035295.9759017159	1926710.2704379805	0	0
1035295.9677461366	1926710.3054808192	0	0
1035295.9532206783	1926710.3630518266	0	0
1035295.9331457661	1926710.4092658134	0	0
1035295.908579165	1926710.436609189	0	0
1035295.9018708596	1926710.4770843794	0	0
1035295.8964113437	1926710.513390768	0	0
1035295.88457993	1926710.552174755	0	0
1035295.8692777854	1926710.6091688422	0	0
1035295.8502423492	1926710.663433283	0	0
1035295.8365270855	1926710.694969775	0	0
1035295.8167730811	1926710.7185747866	0	0
1035295.8258182665	1926710.7490612706	0	0
1035295.8205404088	1926710.7792134718	0	0
1035295.8139614884	1926710.8101003387	0	0
1035295.7996493169	1926710.8431914165	0	0
1035295.8011241443	1926710.8848418172	0	0
1035295.7904214243	1926710.933264633	0	0
1035295.7670829657	1926710.9644651876	0	0
1035295.7701904427	1926710.9950709997	0	0
1035295.7690046222	1926711.0428362167	0	0
1035295.7544740428	1926711.0896799555	0	0
1035295.741030117	1926711.1195041044	0	0
1035295.7462292254	1926711.170216552	0	0
1035295.7298867077	1926711.2105692618	0	0
1035295.7338351498	1926711.2578819478	0	0
1035295.7289717983	1926711.3094951096	0	0
1035295.7143455875	1926711.3393004744	0	0
1035295.708864129	1926711.3789101231	0	0
1035295.7112301062	1926711.414890642	0	0
1035295.7076917401	1926711.457537202	0	0
1035295.6946040295	1926711.4855893098	0	0
1035295.7040022552	1926711.532278995	0	0
1035295.6948236905	1926711.5712043035	0	0
1035295.701037182	1926711.6185758493	0	0
1035295.6913034212	1926711.6665181294	0	0
1035295.6941288476	1926711.7057561416	0	0
1035295.6963270426	1926711.738369354	0	0
1035295.6909705938	1926711.7705879232	0	0
1035295.6949210655	1926711.806242646	0	0
1035295.7006274323	1926711.8471133662	0	0
1035295.6940120773	1926711.8918244524	0	0
1035295.6823734947	1926711.9203878697	0	0
1035295.7001189234	1926711.951676294	0	0
1035295.7036875018	1926712.0056130523	0	0
1035295.6885695619	1926712.04139983	0	0
1035295.7015394954	1926712.069766582	0	0
1035295.7025683532	1926712.1029868464	0	0
1035295.7085472238	1926712.1329439736	0	0
1035295.701046516	1926712.1699885295	0	0
1035295.707638624	1926712.2002453108	0	0
1035295.7119946231	1926712.230062218	0	0
1035295.7162300271	1926712.2602663126	0	0
1035295.7206105905	1926712.291418785	0	0
1035295.7255251814	1926712.3264174196	0	0
1035295.729870273	1926712.3574014716	0	0
1035295.7364219287	1926712.4041375031	0	0
1035295.7428031241	1926712.4495966912	0	0
1035295.7472916804	1926712.481635906	0	0
1035295.7543849902	1926712.532218221	0	0